#format: frame checksums
#version: 2
#hash: MD5
#software: Lavf62.3.100
#tb 0: 1/120
#media_type 0: video
#codec_id 0: rawvideo
#dimensions 0: 1206x2622
#sar 0: 0/1
#stream#, dts,        pts, duration,     size, hash
0,          0,          0,        2,  4743198, 215b6c2059f09778692ad49699901540
0,          2,          2,        2,  4743198, 66196ff9185ab51fc52eb34867188924
0,          8,          8,        2,  4743198, 247e5bc59b31e24f5fb443b15b3dd0b9
0,         10,         10,        2,  4743198, 48b7b681b61c1b3e6580d9b740e44942
0,         12,         12,        6,  4743198, baa2d0d02fd7e0e3b8b502250cadd643
0,         14,         14,        2,  4743198, c5f3f16fe8a170c613e9fa19f246c90b
0,         16,         16,        2,  4743198, 02c7d7610a0bfe49f947b048cb37dcd2
0,         18,         18,        2,  4743198, 868c1b38cd8b3c9a8103e9f9ef2262dc
0,         20,         20,        2,  4743198, 965eb2b2b99bc1f09ff10442caf87fd6
0,         22,         22,        2,  4743198, 2b38bca4bba4209fa4602e4154c4d644
0,         24,         24,        2,  4743198, f845ce050a03a9211903fcf7d786075b
0,         26,         26,        2,  4743198, 2fc72edec846e02889b67b47d68bb816
0,         28,         28,        2,  4743198, 5191d14fe5fae136fb7bb0710cb4c74c
0,         30,         30,        2,  4743198, cf549b1ec3dcea07eef3af85fed054f2
0,         32,         32,        2,  4743198, 1ccccb3c09a436fb15d18b360c73833b
0,         34,         34,        2,  4743198, b68b0a8b85b1b5eca1a7b342547bf9a4
0,         36,         36,        2,  4743198, 50a404480d8572179b9eacbf928250db
0,         38,         38,        2,  4743198, 633f392eea5b331eadf4800d2ca65baa
0,         40,         40,        2,  4743198, 8512e8863652450c7023c40bbe1413ac
0,         42,         42,        2,  4743198, eaf0346b5699860b4fd045432e812a25
0,         44,         44,        2,  4743198, 310b04423e2d7633407218a13bce43fa
0,         46,         46,        4,  4743198, 6a81fe1f7441b850741e5e2cbdb6ec96
0,         48,         48,        4,  4743198, dd14c0e255bea443690b3be1ebb0b681
0,         52,         52,        2,  4743198, 77828e15a088196c51afa3d920d77207
0,         56,         56,        2,  4743198, e2a2a2129074537e7286d9d7a120d90e
0,         58,         58,        2,  4743198, 917caeae80d73bc1c29ac56a0fb03ceb
0,         60,         60,        2,  4743198, 24feace534dd36a1e6a1fa55cfc238ca
0,         62,         62,        2,  4743198, 621704f5092dfcfc1f78d045bb419c4a
0,         64,         64,        2,  4743198, e886337da012a357b2cd3aa300a59e44
0,         66,         66,        2,  4743198, a2ead436622ad8d884b3d7c78b22fb26
0,         68,         68,        2,  4743198, 11dfc29ee36d06b55e5ede6dab772c12
0,         70,         70,        2,  4743198, a9eaa3ef45356f274a78b6f765011d9d
0,         72,         72,        2,  4743198, bab460e1cfaa722966817100b5bda3ac
0,         74,         74,        2,  4743198, d33ed0a49c04fb6157317f0f31c492a7
0,         76,         76,        2,  4743198, 2275b2a88b0431d0ab07e76f41063025
0,         78,         78,        2,  4743198, 544654686a554e84d70b968b2f016144
0,         80,         80,        2,  4743198, 7fb7afa2eaa95814c14829cb6ed77362
0,         82,         82,        2,  4743198, dbbc65fc99195f0db77da8f6f3e57733
0,         84,         84,        2,  4743198, ad16ce5ec5f8ce4a9dd689b03e22c994
0,         86,         86,        2,  4743198, 29c9239ced38f0bcfa41f5be62c03d82
0,         88,         88,        2,  4743198, 1b5beb1ae415540def81df36c18518c0
0,         90,         90,        2,  4743198, 29df0c96843566b26951c30752484ed9
0,         92,         92,        2,  4743198, 596fb8b8b87ba3a2c40393b35af4f824
0,         94,         94,        2,  4743198, 1ac95cb4848dfb153990669946149be7
0,         96,         96,        2,  4743198, c3db1e6ffdf23bded69cc965cb4067a4
0,         98,         98,        2,  4743198, c30ee0b196fde28307563ed3bb63f47e
0,        100,        100,        3,  4743198, f0c974c0409c3775ce11732927e943e3
0,        103,        103,        2,  4743198, b2fe0a67a7c1b8f31aefeb72c189073f
0,        105,        105,        2,  4743198, cddb2d02cbdc04f85a50e79ca629f64b
0,        107,        107,        2,  4743198, 42b3357c22c0ef725f31778195b95ea3
0,        109,        109,        2,  4743198, f03e1c65074f3b6baec0b6af06b6a350
0,        111,        111,        2,  4743198, fb6a3dc714ab07a6079fac4a4e856725
0,        113,        113,        2,  4743198, 12712a5c6f29fb1f4b4de585fc6758cd
0,        115,        115,        2,  4743198, ce4733df432c2d053e8660ded98472f0
0,        117,        117,        2,  4743198, 905433bba9ee71fdcdc350d743ad0670
0,        119,        119,        2,  4743198, 934a181c8299e6542f8ed725dc0db3ab
0,        121,        121,        2,  4743198, 9cf1169b3867bc2c639e0cd38286fa45
0,        123,        123,        2,  4743198, 87d6eaca75ead18eb9517c8809678137
0,        125,        125,        2,  4743198, 7802ae76812a11b9abbe39572cf63b65
0,        127,        127,        2,  4743198, 47bf120c2889ddfb7b373642afaca414
0,        129,        129,        2,  4743198, 24f975eb47147e4b588ed144da65ccaa
0,        131,        131,        2,  4743198, fa811ebb8c6df8e97d42a778cdb99b00
0,        134,        134,        2,  4743198, f26809042efac1746c6c771917d62ee7
0,        136,        136,        2,  4743198, a8f64ba67eb846e6e1285746cfa231bb
0,        138,        138,        3,  4743198, 55bfe3469847fa5b8185d970954c5725
0,        140,        140,        3,  4743198, 1e9c52ae90baffa37c668ba06153cfec
0,        142,        142,        2,  4743198, c384a575606a54cf89e34481fc2326a2
0,        144,        144,        2,  4743198, 008539101f7faa2aeb8faee7289a31d4
0,        147,        147,        2,  4743198, b7cd60b560f36e277a92e90f04b49798
0,        149,        149,        2,  4743198, e23e416c0dea811a1e696bf0c15262ac
0,        151,        151,        2,  4743198, e41820334300e8fd10a25fa25668847c
0,        153,        153,        2,  4743198, afdb6aadd6398c9e1f1a4cce4167a451
0,        155,        155,        2,  4743198, 0d727d0919a0d2b95845967291bbcff9
0,        157,        157,        2,  4743198, 0d6c8fea631e016a7e031dc2be96e95f
0,        160,        160,        2,  4743198, 61f7a148933bb14a90abf762c923d600
0,        162,        162,        2,  4743198, c0ad978df6667b8519b6bc59bd04f77d
0,        164,        164,        3,  4743198, 613817fd334bb8d2f369c8bff5b7f266
0,        166,        166,        2,  4743198, fbe7ed07b62b7cf75abb888364dad05e
0,        169,        169,        2,  4743198, 9991c212ac91bb3935a5383dd727ef55
0,        171,        171,        3,  4743198, 0d4de4c9aa7361883663e4d651e8c789
0,        173,        173,        3,  4743198, 188ef98fc5505feb5216d1ca4dcd1456
0,        176,        176,        3,  4743198, 5de4bb31cbce03bc88f292a363f21c03
0,        178,        178,        2,  4743198, 22fd46886c25d6c334c1ba92489aaed5
0,        180,        180,        2,  4743198, ee905821df10a332537f4d9334bf02cd
0,        183,        183,        2,  4743198, 08ab734de1d82f0d1cf54fe7dbdc1160
0,        185,        185,        3,  4743198, c4ef69fb0d50044f39cee9b2fadba8f5
0,        192,        192,        3,  4743198, c145f21762923b588511cf133257de7a
0,        195,        195,        2,  4743198, 242f8138ce0b7f1fd318308ca27e5fb3
0,        198,        198,        7,  4743198, 8dd23faba0fd83a3b33ba54c079df593
0,        200,        200,        3,  4743198, 6ebbacc5a7bcecff9fd8d03b0dae25d1
0,        203,        203,        2,  4743198, 7ac3991d43bebd920be91ae15fd23cee
0,        205,        205,        2,  4743198, 6e6b544de2ffae3671eec26f29d99ec1
0,        208,        208,        3,  4743198, 1da6466a2a1cf8a248eae34af4857eeb
0,        210,        210,        3,  4743198, 0b56ed567a890cad833c83ee43cdfa91
0,        213,        213,        2,  4743198, 77539a04abe567cb0d5a046f13820a5d
0,        215,        215,        2,  4743198, cd23aafe52f268bf2538c9a44af90710
0,        218,        218,        3,  4743198, 460d1faddf78a8c4a858ba1ce13e87b8
0,        220,        220,        2,  4743198, 9ff8cce6b7bc9b3751d8bb4d36ca0ef1
0,        223,        223,        2,  4743198, 9d43478792e1404fa8170d5c780a476b
0,        225,        225,        2,  4743198, 2ca23921849505ce0737b681b98010ef
0,        227,        227,        3,  4743198, c8cecb7572e9e95aa3265a0a41ef156e
0,        229,        229,        2,  4743198, 09cbe4abd1737473b5cb3a9dfb619832
0,        232,        232,        2,  4743198, 38d481e21a88010229d007151164a342
0,        234,        234,        3,  4743198, e6bf94f957f43d821ebc1ecbf8566261
0,        236,        236,        3,  4743198, 41d840f2be89f2ae19cab1333cd21ec4
0,        239,        239,        2,  4743198, e456e3e11200f47cac31b91c5d845591
0,        241,        241,        3,  4743198, 3d4385bbb2bce169ce995c8f6ff1201a
0,        244,        244,        2,  4743198, 49218244ed353997e5f0d78832120fdc
0,        246,        246,        2,  4743198, e873d74145c9d1b642f9d445f93eb274
0,        248,        248,        2,  4743198, 7bf6f1d370eda332f58b9c672e7bba99
0,        251,        251,        3,  4743198, 74b61c6bf8437606f4457ab81a7c074d
0,        254,        254,        2,  4743198, 5904f69da788536ac4abdc1213bb7a8d
0,        256,        256,        3,  4743198, dc7df4ad3fb9c6ca50b124b63960e322
0,        258,        258,        2,  4743198, 3773d09997503eb889854a7ea383a4de
0,        260,        260,        2,  4743198, 131f7090f956e55b67fdeb3f159798b5
0,        262,        262,        2,  4743198, 776d62ec929d06d62057966182e9989c
0,        264,        264,        2,  4743198, c5e9369f30549f24207281efe658dbd3
0,        266,        266,        2,  4743198, eadbfe3f6240d345b195602af2f2db29
0,        268,        268,        2,  4743198, f862560ba21844fae963fcf07726580d
0,        270,        270,        2,  4743198, 32f206e349341e376890d3e3d73c3d6f
0,        272,        272,        2,  4743198, dab66b397784a4097a4db2bcf3e795e1
0,        274,        274,        2,  4743198, d41bb9d3b5e56bf0563677602a457f61
0,        276,        276,        2,  4743198, 384e238ba75f01c0aea67974798e2131
0,        278,        278,        2,  4743198, 3f78f602d19e2281720dfc546c1283a7
0,        280,        280,        2,  4743198, 81a23d44e5e23249c2a671b738eeae18
0,        282,        282,        2,  4743198, da0beb5ef2ea0b318ab2f343dbe9894a
0,        284,        284,        2,  4743198, ce8a46fa3bb8415f4e9ddd802e05e482
0,        286,        286,        2,  4743198, 2d488e8f593d7cbe2321b4f9af695249
0,        288,        288,        2,  4743198, efd87dd2c09ca7120a23f451dc86a185
0,        290,        290,        2,  4743198, f9aed85b80002c95403680b4ff49e24d
0,        292,        292,        2,  4743198, d30173a5711d57d214854c521aec304e
0,        294,        294,        2,  4743198, 9d09fb35a7e8095e718424f49f586fb1
0,        296,        296,        2,  4743198, cb15ec0ac0aed993692c15ebdaf10a88
0,        298,        298,        2,  4743198, c75778118a780701fb6ddbecbdb697bd
0,        300,        300,        2,  4743198, bacc9666f048f4e59f2703d979a68a5e
0,        302,        302,        2,  4743198, c01fb9c136ac5c3b436b7ec37220c2bc
0,        304,        304,        2,  4743198, 2bf36c09f02fd7938428032af6eab102
0,        306,        306,        2,  4743198, c64a65a3523ba863cad2c29b9a20f7fb
0,        308,        308,        2,  4743198, 40b96b520fda840fa011d699ba10b445
0,        310,        310,        2,  4743198, 574be5d66058c6d9e13882af437c0e47
0,        312,        312,        2,  4743198, 035eb667ea220ae5df6e99e0da1b542b
0,        314,        314,        2,  4743198, a827f6cb09fc21b97dfc3214c3725982
0,        316,        316,        2,  4743198, 578ba59c95cfd29a8073eb4e191dd61a
0,        318,        318,        2,  4743198, 06f5234dedf32699237da4637131c605
0,        320,        320,        2,  4743198, 3eafeb62d9b4d4b04ebde4e0f56a22b8
0,        322,        322,        2,  4743198, d806851c5b485a4e6d423995dbe9ccb0
0,        324,        324,        2,  4743198, f9e96f476710f20045b9b4034dbaa406
0,        326,        326,        2,  4743198, 373a696acff55fc74e16a2a7104dc5ab
0,        328,        328,        2,  4743198, e3c574cd0935b0ccd5af7487682258b6
0,        330,        330,        2,  4743198, 2a59d0c8b2497ffbc6c3017523dda5a9
0,        332,        332,        2,  4743198, 5b1b35c1fbd2d323a10f39a6fbae5a08
0,        334,        334,        2,  4743198, 6cd1bb4565d0059db038f232160a69f8
0,        336,        336,        2,  4743198, fc82e9118b044bd84461d9ca5d46ef0e
0,        338,        338,        2,  4743198, e98bab5389a4b358cd8ca1c95b3434fa
0,        340,        340,        2,  4743198, 9960e123a765512348491ed31b0d60ac
0,        342,        342,        2,  4743198, 31eb9ed73f1afa8346b86688637cc594
0,        344,        344,        2,  4743198, ed7a40c8aa05d7136b7f8cb748d826eb
0,        346,        346,        2,  4743198, e189a7148646a4cef1de7f2cf7fc87a1
0,        348,        348,        2,  4743198, b9cac68dbdda016c7e8fe255c218fbd4
0,        350,        350,        2,  4743198, 8fe2a3c3948c4e0e9ea8d873f9b77fd0
0,        352,        352,        2,  4743198, a5798fdd5dc1bc4cb41f4d14dd79b5ec
0,        354,        354,        3,  4743198, c21722167c9fd0e696a7c54a2afa9c76
0,        356,        356,        2,  4743198, 51557412536c3688e5b093fec7813dfc
0,        358,        358,        2,  4743198, 9c4d8953c078424ca1ca1f7682239009
0,        361,        361,        2,  4743198, 681bcc31c2d92296470e8ab37afc5f2f
0,        363,        363,        2,  4743198, b4ea668139d250ade0ec5ad64b3d9252
0,        365,        365,        3,  4743198, 950d6ed37063064d40ab5571147c7e58
0,        368,        368,        2,  4743198, b29bd6005ba7bd062ed8887a179711d3
0,        370,        370,        2,  4743198, 3664a1f0aa82779ac7bf5fa34806f578
0,        372,        372,        2,  4743198, 94107e5e427be09d86c8d70abed9eba9
0,        374,        374,        2,  4743198, 27442f8f5f63b6fa41d24aa8960fdfdf
0,        376,        376,        2,  4743198, c43613b033dcac646671a45bd7da7bfc
0,        378,        378,        2,  4743198, 59792fd261834f962e02be09aa5abef4
0,        380,        380,        2,  4743198, 00f63fd7bdc3a475b0f59bd2e5d17c4c
0,        382,        382,        2,  4743198, 96a96eb1620cbde3d0abdf834bc51ba9
0,        384,        384,        2,  4743198, c12e5ad2703e4ec1330c2867308f8510
0,        386,        386,        2,  4743198, f24593cf37420e4dd26617c1e1c940c2
0,        388,        388,        2,  4743198, 331e3495b41ba13329fc0b5b40cc422c
0,        390,        390,        2,  4743198, 26df651a04f65f377e8d675d94bd0d74
0,        392,        392,        2,  4743198, 6191ce83dbc865e28a24849064990ee8
0,        394,        394,        2,  4743198, 34c496b2ff571748d19dad31b3b045da
0,        396,        396,        2,  4743198, 1aa75649c54cba44787aa1ada0761a5d
0,        398,        398,        2,  4743198, 8fe0572f5fbccbc4d8ecf788b78ba1a0
0,        400,        400,        2,  4743198, dee4003ff6ca8b6881d82e1958c85503
0,        402,        402,        2,  4743198, 7a298f2196207e9e2e2ddf60909960be
0,        404,        404,        2,  4743198, ecc63d30511bca902105e49eddd74336
0,        406,        406,        2,  4743198, 0b6c09cc7e10729ec634c1b7278546ec
0,        408,        408,        2,  4743198, 7d9ac756aef3efe7580c2b1ad75b1923
0,        410,        410,        2,  4743198, c591cc9139b07e4b96a9908ea42405b6
0,        412,        412,        2,  4743198, d066fe9a628b4bc75f180b049b8384c5
0,        414,        414,        2,  4743198, 7be85b3095b142984118956db1eebc8f
0,        416,        416,        2,  4743198, 4ae0272874f7932f245006b589aefc66
0,        418,        418,        2,  4743198, 86b12a0a7c2f69000d3e291a4a344b93
0,        420,        420,        2,  4743198, 9925b9f525f7a798b4a31b7ca82e1f04
0,        422,        422,        2,  4743198, 0496d39badd06de222407ec21279d047
0,        424,        424,        2,  4743198, 096ad2f5d8f00f6bbe99df163a186672
0,        426,        426,        2,  4743198, be32b8cd73efed4c32b9de60d567aebc
0,        428,        428,        2,  4743198, 165e2ca018e3fbe2591e4f8a1a322439
0,        430,        430,        2,  4743198, 60ae3e35f49997e77cd154a0fe0fc761
0,        432,        432,        2,  4743198, b59b495bc7e0b0ab76b662e10a9fef95
0,        434,        434,        2,  4743198, 0a7a60d9e7c0d9a4c3b817657a1f99a4
0,        436,        436,        2,  4743198, 48a7640bffb0bdaac7fd88c36a9a129d
0,        438,        438,        2,  4743198, 7aef565d5625ec5f9e593e0fb727cda0
0,        440,        440,        2,  4743198, d148c0d06cf12005bc6f93f2533c9323
0,        442,        442,        2,  4743198, 69a82b94409d4d97495f8729f1e19a11
0,        444,        444,        2,  4743198, dc7ddf12706fcf5112ea660cb1cc091f
0,        446,        446,        2,  4743198, 9201212094ef54e8ce6344f850fb5582
0,        448,        448,        2,  4743198, 988b0a044a002c24291c266e2c2cae22
0,        450,        450,        2,  4743198, 6a64d629bde310bd10a659289aec8c10
0,        452,        452,        2,  4743198, e8df4d6eabf075f4a4f073538b31ed16
0,        454,        454,        2,  4743198, 225597a0256e79acdd9dfd475726931c
0,        456,        456,        2,  4743198, d7463600dc9d887756c9fc23d896b8ac
0,        458,        458,        2,  4743198, 676349728a4295b2e3d6a61b8a67e3bf
0,        460,        460,        2,  4743198, 779e943dc3caf9302dd67ca9880b32b5
0,        462,        462,        2,  4743198, 8755666d0a6f39f21b014b8a9d7413e4
0,        464,        464,        2,  4743198, ed9e86cc257b06e13f5cebb8d67d8d71
0,        466,        466,        2,  4743198, c02c27aed268c835ac8a0e020f4e5671
0,        468,        468,        2,  4743198, 4a4dd7d7aa4588552505a94b3ad8f7e1
0,        470,        470,        2,  4743198, 99917803a9241f0e1c54c97bbc37654b
0,        472,        472,        2,  4743198, ba45740750a3efbb29557d9fe65b51fb
0,        474,        474,        2,  4743198, 49b7738e790ef7b0b2fbd107d242e435
0,        476,        476,        2,  4743198, ba1d297eef90e3467621774edf491876
0,        478,        478,        2,  4743198, d95911681629f919d36bb88afccf5e65
0,        480,        480,        2,  4743198, e602e3557d44228d806742277ce6e44b
0,        482,        482,        2,  4743198, 6022f6ccf2746d8bc88a3fc566dc3984
0,        484,        484,        2,  4743198, 12b701e21d53b0a9cafe2438cd753b43
0,        486,        486,        2,  4743198, 7eecb2432d1d0a5652e3f481a61792c2
0,        488,        488,        2,  4743198, 1d7fe2e58215647b57b901a93b044ba4
0,        490,        490,        2,  4743198, 22fc9a0bd9950995864cf34e55629b9a
0,        492,        492,        2,  4743198, 37510bc73e5e2822d0b5fc1d7b21316e
0,        494,        494,        2,  4743198, ff48e32e5501a280ffbe7d61aa798103
0,        496,        496,        2,  4743198, 45f45a9a3fc54433523a86ecf73e8dfb
0,        498,        498,        2,  4743198, f52639fe7f3f34ccff67fc3424e0fab3
0,        500,        500,        2,  4743198, f79411deeb7e645911514af1e21b6ba4
0,        502,        502,        2,  4743198, e765fea727231333f0f1d7af519776e2
0,        504,        504,        2,  4743198, f3ad3eca96fece7c4dbf592f365b5956
0,        506,        506,        2,  4743198, 554d75a75865856a51becaf905893b9f
0,        508,        508,        2,  4743198, 8dee2e60656af6688a5d3b34049ff2a4
0,        510,        510,        2,  4743198, 3c3e536a64dac3e92986e74f3af4c699
0,        512,        512,        2,  4743198, 6fa31646fd9417ac4e53c2bbba9fdaa4
0,        514,        514,        2,  4743198, 8ccaca5b971cdb8820f538957f577546
0,        516,        516,        2,  4743198, 3ddef056ecd282156d5e5fc58fded395
0,        518,        518,        2,  4743198, 1c0dffe1ae531c43f498474ab86270b0
0,        520,        520,        2,  4743198, 9c55bc257e14cd3ebf401cce7edb98cd
0,        522,        522,        2,  4743198, 5c447600d34bc7ffe1a81bfab2bd9d3d
0,        524,        524,        2,  4743198, f6d20ea1044c03a2c1e9109dabb24e11
0,        526,        526,        2,  4743198, e2b893b0e29ca1102bf8cc74721a762c
0,        528,        528,        2,  4743198, e9b9575495554a530adb58bc3f85db08
0,        530,        530,        2,  4743198, 1774a3bd8bffd63c71c947376116bd94
0,        532,        532,        2,  4743198, a47b9cdebfa49dac16877ee2ff8b917f
0,        534,        534,        2,  4743198, 27d6089e8c46e9191d883a92a7bf11bc
0,        536,        536,        2,  4743198, 44769d6810347644aadd1e582cbeca28
0,        538,        538,        2,  4743198, a336d2e0089a5f8e362225b57a072c76
0,        540,        540,        2,  4743198, 95153ef3a78667c6fefdace9f37ffb70
0,        542,        542,        2,  4743198, c941c48b9cbdccfa8720433886fa53c0
0,        544,        544,        2,  4743198, 4eb37a610e9b51076efd5f8d1eca4629
0,        546,        546,        2,  4743198, 82c8a65a2a825c3a6944efa4d6442dac
0,        548,        548,        2,  4743198, 684d83599df0b1a1f180eb3a2d89b269
0,        550,        550,        2,  4743198, 8cc47023648fc96dce31ece9ba72f15f
0,        552,        552,        2,  4743198, cd12d5ec84875c2ca8418be5cce8d348
0,        554,        554,        2,  4743198, 4f3699703bb0107e00fa60edc7933451
0,        556,        556,        2,  4743198, 853273d511b31796d0da73c673e21fbd
0,        558,        558,        2,  4743198, bb0d4b03e687c7e5af923ee849eb34ef
0,        560,        560,        2,  4743198, 68172373ff7fa612364aaabb2fd7a66a
0,        562,        562,        2,  4743198, d4d7c3c604e6bc8398ebf178d0d7e4f5
0,        564,        564,        2,  4743198, cfb2e4e916121926a57b1704c0ad10ad
0,        566,        566,        2,  4743198, 5e8ed51a802088690dbeed894c2a8544
0,        568,        568,        2,  4743198, 29896a1b8c5cd511a640669fba7e7103
0,        570,        570,        2,  4743198, 066669f88ad074b1e0e39692072c2440
0,        572,        572,        2,  4743198, af40d534db4d106eaa5b7f053a51cbe9
0,        574,        574,        2,  4743198, 4e14c797d98827a3eedfe64414338595
0,        576,        576,        2,  4743198, a90cb3b198247f927bf30efae8e31be3
0,        578,        578,        2,  4743198, 64c58a28c0840e8daf5888677e75201d
0,        580,        580,        2,  4743198, 1c7e172c0352bd8d9fec7fb15bccdb88
0,        582,        582,        2,  4743198, feda04a2f9b5f9fa7cf7827c12265b03
0,        584,        584,        2,  4743198, 3e56eb403ef9c56939f4c2f8ad242d47
0,        586,        586,        2,  4743198, 12978ecefa90784c2e77ff7009d5a960
0,        588,        588,        2,  4743198, cd2c6f5fb0971901b817fbe7c73d1c34
0,        590,        590,        2,  4743198, e9a690a659a610de8d400261e197ed9b
0,        592,        592,        2,  4743198, 5180e7ed75a3922f3bbaa7b062a96b11
0,        594,        594,        2,  4743198, 56f1df8e4376d46753204e870adc5b20
0,        596,        596,        2,  4743198, 60dca08e2058694dc3a51111b52e8630
0,        598,        598,        2,  4743198, 970ba1c631e7bfcc2d371a4079928475
0,        600,        600,        2,  4743198, 0c140076db65d1984cc41281179b6868
0,        602,        602,        2,  4743198, cb0f6eecc66beeb228e22a99940cad83
0,        604,        604,        2,  4743198, ec0432750fa937be5c7ac0c5fc6289fb
0,        606,        606,        2,  4743198, db11676feea5e7f3bc0110986d9918de
0,        608,        608,        2,  4743198, 872338cc079f2e62c81446216d24f898
0,        610,        610,        2,  4743198, 0042ab517daa133a9905d5a3cc9120b7
0,        612,        612,        2,  4743198, 281b32bee767f1a5a96172bf956cd8d0
0,        614,        614,        2,  4743198, 867bcd15f624ccdc9f5457b501bcb929
0,        616,        616,        2,  4743198, 6f0c9895fce408e5322b0bf0be38e0f4
0,        618,        618,        2,  4743198, 333346c527aa6eec385209781a326af0
0,        620,        620,        2,  4743198, 09fef9673379bdc2ec57ef4d149afda3
0,        622,        622,        2,  4743198, 8b340f1f1a728d49ddd1ccfdcd176849
0,        624,        624,        2,  4743198, b7b8edc750438fd1292e46dcf238623f
0,        626,        626,        2,  4743198, e82cd0b6f4433f60a9670f22f60b7c41
0,        628,        628,        2,  4743198, cd955dfe885c80debf40cf8a4dfd682b
0,        630,        630,        2,  4743198, f1c5a3eec81970bff528a9b668e29638
0,        632,        632,        2,  4743198, 1ecd857eeb40ed8b293ccaaeae2ad030
0,        634,        634,        2,  4743198, c40430bde8fb85416dff7b3045d8c438
0,        636,        636,        2,  4743198, ac58b4543f7e52c7170e2d2ab9103876
0,        638,        638,        2,  4743198, 6ffb58ff8891cd04adbb3db9e941c044
0,        640,        640,        2,  4743198, 9f71a2bfab9eca01105fd2941f7ca7cf
0,        642,        642,        2,  4743198, c0835f28d0a502a0709e30c02564a842
0,        644,        644,        2,  4743198, 43cc843c2279848f49ea3822d05179a8
0,        646,        646,        2,  4743198, 5381d0c899dcdf726de342030dd16317
0,        648,        648,        2,  4743198, 27e92e7b53226a89d899d99556fee457
0,        650,        650,        2,  4743198, 11951df61e604ccab2f2bc767ba6cb7b
0,        652,        652,        2,  4743198, a3cf47300e769ccc902e5e900de9cfae
0,        654,        654,        2,  4743198, 9b22e685dcd6d615e75ddee7cfa6763e
0,        656,        656,        2,  4743198, 4323e457c8f00e5ae01d67cc16e6fa4e
0,        658,        658,        2,  4743198, 132079a2130fcb94b2ecff5257b093dc
0,        660,        660,        2,  4743198, 215a14525eabedbb84e64a425564bad8
0,        662,        662,        2,  4743198, 1c74694623d31fd02d06f0352b3edad3
0,        664,        664,        2,  4743198, 019765410a6e1339ca8e55a848ad2ef2
0,        666,        666,        2,  4743198, 389472bb34b592057e0fadf47d98a74a
0,        668,        668,        2,  4743198, b1836be4349c2588ee4bb74440786f0e
0,        670,        670,        2,  4743198, 10d4fa5d5385d560a070267d12a40c82
0,        672,        672,        2,  4743198, c188756770b4e88936d55143e69a6627
0,        674,        674,        2,  4743198, 6030c93557aede2284b39d28116182eb
0,        676,        676,        2,  4743198, 8b85c193963edc96a7d8bc6eb81c0f6b
0,        678,        678,        2,  4743198, b1741d4ba4638eed600e1dbe16d2e925
0,        680,        680,        2,  4743198, d530a388f39f33d28a60a2f6d68c07b6
0,        682,        682,        2,  4743198, 2f481228b12c60789b660635329bf10c
0,        684,        684,        2,  4743198, 9ba7c227cc3ffc69da871cec0b704817
0,        686,        686,        2,  4743198, 7eba3b1aa647986cf816661c74119f3f
0,        688,        688,        2,  4743198, d6ee5cca08ac0a381a30ceaffc3e5439
0,        690,        690,        2,  4743198, c48aae5a59dc458e35891f1800ca23f4
0,        692,        692,        2,  4743198, d1e7d6e4cf51a8818cf9bad89761ad13
0,        694,        694,        2,  4743198, 64e00c61be4ca9b219b37ee97b19bfdd
0,        696,        696,        2,  4743198, cb1c5888ed7b60078616be3670965343
0,        698,        698,        2,  4743198, c768d69431051fcdb0711901e5f9bd99
0,        700,        700,        2,  4743198, ebc7ff8ff0d05d3ae5f39b835a8d44a9
0,        702,        702,        2,  4743198, 49a5d65e1250a78024db4a567f092987
0,        704,        704,        2,  4743198, 0a535dea54a60a0c64c54cb8e22cddf6
0,        706,        706,        2,  4743198, ecaa3f3799bc963ec2b47211b232644c
0,        708,        708,        2,  4743198, 87585714a2349911381e0d7a2815d963
0,        710,        710,        2,  4743198, d8b18d51cdf254210b1ac3a98715551d
0,        712,        712,        2,  4743198, 4d63636f9704962ec35ed9edaddfa6dd
0,        714,        714,        2,  4743198, 562c65156e0293b2d2c7c81977cc156f
0,        716,        716,        2,  4743198, 2bee138ed85fa54b1cc2e2831d7c0ced
0,        718,        718,        2,  4743198, 31004a0cd04d778396d734f79ce5ef7a
0,        720,        720,        2,  4743198, 8cf01737b6bd03a76363ea06579398ff
0,        722,        722,        2,  4743198, a5bd27318638ced7e7ff678b47803664
0,        724,        724,        2,  4743198, 019d5f454160d780c16cadebcb57149b
0,        726,        726,        2,  4743198, dc1f17e88fbc15bd999695a018c5c5cf
0,        728,        728,        2,  4743198, 03e8c5e07d23c7645838dce31723ba86
0,        730,        730,        2,  4743198, 292b372f315e697de4a7aa53342039c2
0,        732,        732,        2,  4743198, fd9720539e9951b0dfbad6ca815558f4
0,        734,        734,        2,  4743198, 00b413592e45e7b461346e2eb9fcad83
0,        736,        736,        2,  4743198, 2a7bf9a19466fc3b6da43b2628833f99
0,        738,        738,        2,  4743198, 488c7bae30b4b8e90d7900d31f293629
0,        740,        740,        2,  4743198, 090ac4a82246c5af9e931be39671728f
0,        742,        742,        2,  4743198, b16e2f6cd61aac893a07a9108ef9fd14
0,        744,        744,        2,  4743198, 7f5696886fbc979111cb70db150bfebb
0,        746,        746,        2,  4743198, 7d2bc5ccf0f5d7fc8856400c88cf2167
0,        748,        748,        2,  4743198, 2a2a5fb6a7e9ed3ee6dd3106980275e7
0,        750,        750,        2,  4743198, 97534b227f4040056416677d5171571c
0,        752,        752,        2,  4743198, c5638f7b3201f8331a7fbd36bf4a8925
0,        754,        754,        2,  4743198, 909c79e33825528615ddb1cca2f28d1e
0,        756,        756,        2,  4743198, 4ad0c9c4c977c5030ac73dde48d84f0d
0,        758,        758,        2,  4743198, 3f4c6531e400d79853d0de12c920438f
0,        760,        760,        2,  4743198, a115dfc3733c9d11f96083527dfc983c
0,        762,        762,        2,  4743198, 72c49cb92a0b4c4e8b65fcefa2a794ef
0,        764,        764,        2,  4743198, 5019438d1f17cf29da3dc26c44cd1a30
0,        766,        766,        2,  4743198, 7b36db2e2076462061298dff0c150656
0,        768,        768,        2,  4743198, 8164ed55a175795b3b2235873aa8cf5d
0,        770,        770,        2,  4743198, 398d4c8c72980617844944bc84d90c2e
0,        772,        772,        2,  4743198, be70b1d88a7af95d9b0ab919244b0a6b
0,        774,        774,        2,  4743198, b72b470cef28c4ac6ba1fa542184a2ad
0,        776,        776,        2,  4743198, fcbef747d085fe73171c8e6a3088242a
0,        778,        778,        2,  4743198, f5ffc951b78d07e7a6fda36bc74116ae
0,        780,        780,        2,  4743198, 7c9b3fff31fc78075874b3f7c7b0f5ba
0,        782,        782,        2,  4743198, 34c08ed0875f065a0f630daa62b91f9e
0,        784,        784,        2,  4743198, fcde41b7df31e162d0947f062b8cc212
0,        786,        786,        2,  4743198, 4cb615ca484fccf2585b47991d758336
0,        788,        788,        2,  4743198, 218b5e360fcd792bc8a676581e4cf9ba
0,        790,        790,        2,  4743198, 74bf95697a0d9f7c10a23d71f7d1e937
0,        792,        792,        2,  4743198, 5d494e3e2fb28d3d0d1d1f703e384c69
0,        794,        794,        2,  4743198, 6911306ce4840130447e53888541d54b
0,        796,        796,        2,  4743198, 780edab8a032ace4728c88697353afee
0,        798,        798,        2,  4743198, 8e3cb1e117ceda4a9ab7287c56e2f77e
0,        800,        800,        2,  4743198, 1d77f3e7ab46f7ef6c082976e5f3cd03
0,        802,        802,        2,  4743198, 61596328f5178323ddd8c84b4b98a8db
0,        804,        804,        2,  4743198, e4a3466a0ce1d1f952b142ba49812eb1
0,        806,        806,        2,  4743198, 6d2c1660e41745e22f6b8d540d926daa
0,        808,        808,        2,  4743198, ad6f51f9bc00905dffe5ca829129d946
0,        810,        810,        2,  4743198, d883ebf2e15dfe44066320093e4845c1
0,        812,        812,        2,  4743198, 621c70a544d94fe8d7fb6c8f18a6b981
0,        814,        814,        2,  4743198, f918dac1e8b83bc55e3945d97baca8b4
0,        816,        816,        2,  4743198, 99fa38e0e077a742fd10d4d8211d7bc8
0,        818,        818,        2,  4743198, d50852635155956644734200a358d2c9
0,        820,        820,        2,  4743198, 14abc924e9243d91a99e171457e0f225
0,        822,        822,        2,  4743198, 9d4a5a29599af131635590c4498da56d
0,        824,        824,        2,  4743198, 5e538db6bd8f33f5953a5e07b3bc6484
0,        826,        826,        2,  4743198, cc109cf4d767c22b7e14c69ef646e437
0,        828,        828,        2,  4743198, 1dc82a61af5547490078af47bd0abe6e
0,        830,        830,        2,  4743198, 4ae7580616cdc18a7f8bfca69e3f7192
0,        832,        832,        2,  4743198, ed449770f4f13c781229f212ac52f81e
0,        834,        834,        2,  4743198, f76ab92c67260096d085e7313a4433ac
0,        836,        836,        2,  4743198, a6634a8194427f15e5f94445f553299e
0,        838,        838,        2,  4743198, 1decc749f5dd0e9b18bc939027b8248b
0,        840,        840,        2,  4743198, aebdc5ca6f1ffa21c43275316f6802f7
0,        842,        842,        2,  4743198, e4f8818881de25139a6c7b884458992c
0,        844,        844,        2,  4743198, 1fd2e272d4d85d96580e8b0969876ed5
0,        846,        846,        2,  4743198, a4619b31e37f744625b34b4822b9475b
0,        848,        848,        2,  4743198, 953321a1d87e5c99832918925e8c67e0
0,        850,        850,        2,  4743198, 206581cfcd727acf17552a8ef5fcf746
0,        852,        852,        2,  4743198, da29384c8409b2a4ae6db01a4e87e693
0,        854,        854,        2,  4743198, 47bcc204e5a708acfaf5c1455fc2677a
0,        856,        856,        2,  4743198, 03146da30d7a4281904a00ff7a50f619
0,        858,        858,        2,  4743198, 9b494d605fb18f00b8e7ae172fbe1da4
0,        860,        860,        2,  4743198, 88948c367714a4c3a2c24070c03eaf49
0,        862,        862,        2,  4743198, 8d9e66d00b9baa6d77ed5e226d1bb6bf
0,        864,        864,        2,  4743198, 48a49b48eae8a9cde7427930dc9e47f5
0,        866,        866,        2,  4743198, 7f5667081ff70be81af76264ba646865
0,        868,        868,        2,  4743198, 9b10d307dd1dfa721ea494922cfa562b
0,        870,        870,        2,  4743198, e1a1772fdb0f0b784cfae34a46c3e645
0,        872,        872,        2,  4743198, 161f39a4952608cf6cd225438ea89de6
0,        874,        874,        2,  4743198, cb1467dc79c82c1a29e62dcf92c1eab0
0,        876,        876,        2,  4743198, 7b1201a12a681b25b67e101920878807
0,        878,        878,        2,  4743198, 0010af1c8d1533fe6aac44184b89ca47
0,        880,        880,        2,  4743198, bdb74178505dad4f6ef163003c3a7cea
0,        882,        882,        2,  4743198, 784e2f1dac6df32909ff4433b3ec4919
0,        884,        884,        2,  4743198, 17cb14adc80481a63bde573c86987eae
0,        886,        886,        2,  4743198, 34ef6da0209ddc643644dbe5c9768f8b
0,        888,        888,        2,  4743198, ede957f0ff072ec0fa26e3a65130709e
0,        890,        890,        2,  4743198, c0d6b58fbba77c4c4cb5a7901410a5c6
0,        892,        892,        2,  4743198, fabd2991ebe555d3806e50910ced2a6a
0,        894,        894,        2,  4743198, 82c047cc51b7ac6ab1cedaa7e3b82aa2
0,        896,        896,        2,  4743198, 77248bc1be1179156a75a7271ca334e4
0,        898,        898,        2,  4743198, f49b015fc1b23ff819512df25b80b633
0,        900,        900,        2,  4743198, d5194368cbbf2f4596411191119c7c4b
0,        902,        902,        2,  4743198, d0e828eb8e6c17fed72b3f5c520a63aa
0,        904,        904,        2,  4743198, f8347a599994494340c291918ca9c922
0,        906,        906,        2,  4743198, 6bc529bf3137845fc5a3e47fc69dbc03
0,        908,        908,        2,  4743198, 228b7f4cad1b773c032e0bda3190ebc3
0,        910,        910,        2,  4743198, 3e2eac1852071ba8a2b676934fbaa344
0,        912,        912,        2,  4743198, d1c329824c201e23d6f0e9e8b6210ec3
0,        914,        914,        2,  4743198, 47239681a8a0b80199737d6e81f36262
0,        916,        916,        2,  4743198, e84252c2eeacd8fe965431fe0dace6a1
0,        918,        918,        2,  4743198, 366d9017409544a94df9df68e5edfecb
0,        920,        920,        2,  4743198, bb29b4497897015765fe0e60d8a75c6f
0,        922,        922,        2,  4743198, 9faa6e048ae9f91a1f6d24f34bc8ea0c
0,        924,        924,        2,  4743198, a71c229466f3ce56004b24e20c3e1ebc
0,        926,        926,        2,  4743198, b21a0e6d43fc5e2d778737c0d7161198
0,        928,        928,        2,  4743198, d69678bb0cad210c3a4a556342ba42fc
0,        930,        930,        2,  4743198, 9eaa775005d3bc89fd20dd4380866c40
0,        932,        932,        2,  4743198, d2543413155f3ab884cfed574ddf0322
0,        934,        934,        2,  4743198, 819b8ec989e7db1348c8abf03e76c95e
0,        936,        936,        2,  4743198, 849cc1abe44d6176a2e36e1eb7eb9931
0,        938,        938,        2,  4743198, 402d2767470775affb1cd31bf00ff1f5
0,        940,        940,        2,  4743198, 6d2aa087e4e019dc5c4e34af1668920b
0,        943,        943,        2,  4743198, 88c69f55aec765d78f67823b48ca276c
0,        945,        945,        2,  4743198, 7c0d48fb35e5771fb861c0305787d11c
0,        947,        947,        3,  4743198, 2c9fad776e450b28e30dc6f18c5b778a
0,        949,        949,        2,  4743198, 239c6b983df7aeb1c0771f16a1380eda
0,        951,        951,        3,  4743198, 336cf53257253779083fd7bbd80bb350
0,        954,        954,        2,  4743198, 628e185f663f5d74dce26f267146bf9b
0,        956,        956,        2,  4743198, bec26ff5c5944cddb51b27cfe523626a
0,        958,        958,        2,  4743198, 1bd990512d70d65b1fcb012a8f1fd12b
0,        960,        960,        3,  4743198, afed78c8c181cf582d2330c0a57ee526
0,        963,        963,        2,  4743198, 7bbf7ffb20e1e1ca363c7e9c65374ad5
0,        965,        965,        2,  4743198, 7b16ea8d892f50539e5b6af837d00a2f
0,        967,        967,        3,  4743198, f78cb501fc7510eaf2ea07ed21c1b229
0,        969,        969,        2,  4743198, 3f592ffdf4f0f6f55d3dccb0f535c735
0,        971,        971,        2,  4743198, 6fe36f1789b35a5fce9c2b649bbbfef4
0,        974,        974,        2,  4743198, ba74aa0fec62abfce65d20ba64a8671b
0,        976,        976,        2,  4743198, 242bf22b289b269909be5059a3c7041d
0,        978,        978,        3,  4743198, b10a1ddf957c1eed50803de680a95c67
0,        981,        981,        2,  4743198, 9704d0407090516b023e77faad7b9e04
0,        983,        983,        2,  4743198, 880d023367e0a5ffe5a0713300fdf14c
0,        985,        985,        2,  4743198, 81ef1bf730ca82406ea96769b6bf116d
0,        987,        987,        2,  4743198, 12a5b2ab7251e947fa67bdd6379c8a9a
0,        989,        989,        3,  4743198, f7f8f4e704d7bdfa6397e5f21276a124
0,        991,        991,        2,  4743198, b84ab74aca7f92480d50dd46d9acce3e
0,        994,        994,        2,  4743198, 0b487676c52b15063ff4569a8ead8d3b
0,        996,        996,        3,  4743198, 86b276b05d048fadee2d2da28c051d89
0,        999,        999,        3,  4743198, 86febf3b8e7c28cd0884c3f8914f84c0
0,       1001,       1001,        2,  4743198, cb45ce19b9a1274e6f2c11e11a85b6e0
0,       1004,       1004,        2,  4743198, 1551111617b069ae7d88998fd487731b
0,       1006,       1006,        3,  4743198, e3cc9ea7ea467e885ff5a93af95057ca
0,       1009,       1009,        2,  4743198, 00b97989de2e36d7c3ea17a8c4bebb62
0,       1011,       1011,        2,  4743198, e8f0d2348b4fa46adb07c94e8198f015
0,       1013,       1013,        2,  4743198, e55b42ffe6e13cdea96552f1a03d44f2
0,       1016,       1016,        2,  4743198, 261dc35f4546f916fec879cb02059957
0,       1018,       1018,        3,  4743198, 5f0390fe3282656601fa8ff263d85677
0,       1020,       1020,        3,  4743198, c95f1106ee4bec60880e82d95a5a16cc
0,       1023,       1023,        3,  4743198, e7cfe0ea1fb260b3d3bfb8796523b69b
0,       1026,       1026,        2,  4743198, 709f1b5069c9b5dd96bcd22108b54b36
0,       1028,       1028,        3,  4743198, b3fb966a14b58712a05e378ba243ba5d
0,       1031,       1031,        3,  4743198, 9657d28f3db429daa768b4e7c1c4f84e
0,       1034,       1034,        3,  4743198, 248e6c89239307aaa2818371e2a61ffe
0,       1037,       1037,        2,  4743198, 63bce160c3ab5f78efb4ed0c1af21669
0,       1039,       1039,        3,  4743198, f5ff19aec77bd04d8d6f4449b9c9ec39
0,       1042,       1042,        3,  4743198, 463c10b27c5edf25b9bfc80fd405c346
0,       1045,       1045,        3,  4743198, f9c56d05149771a0b3bb7ea172b4bd32
0,       1047,       1047,        2,  4743198, 3d230757afec04713a22e09d58d12ff9
0,       1049,       1049,        4,  4743198, 3c11b7c2884671f6f00af0f461d4b19a
0,       1052,       1052,        2,  4743198, b0317387370397bc02ae36edf641e9ce
0,       1056,       1056,        3,  4743198, 2d09b98db081945c18d91613d7bb1757
0,       1058,       1058,        2,  4743198, 599b8371cf9558a1313c92d517a554a3
0,       1060,       1060,        3,  4743198, 716edf918261dcfd8fa354d693cf6596
0,       1063,       1063,        2,  4743198, 8554f5a55d7180c5d9341d4ed7b1fba3
0,       1066,       1066,        3,  4743198, a8d419548c12070b3e780cb3daea7f2b
0,       1068,       1068,        3,  4743198, f71187391f838cf1c1415a09cb0944f9
0,       1071,       1071,        3,  4743198, 3eca6fc8dbee8f074b024e504a30bd88
0,       1074,       1074,        2,  4743198, 23035638055c4ffc10c312f884ae1332
0,       1077,       1077,        3,  4743198, 0f91dc3a9dd12f641e03ee32fbc1a4dd
0,       1080,       1080,        2,  4743198, 4b1a36174f62ee1b0108010f47258cae
0,       1082,       1082,        3,  4743198, 62ff9f9a079eb7feebe521c21836996f
0,       1085,       1085,        3,  4743198, 15083f92549e96a65a2c8e191a73b6dd
0,       1088,       1088,        3,  4743198, 84156a8648d1ccab30b369bca663ae90
0,       1091,       1091,        2,  4743198, a5acc8a6590c9d5ff59f336f08ea929c
0,       1093,       1093,        3,  4743198, 430b67a007b95c0f7ba2ef0c1a171079
0,       1096,       1096,        3,  4743198, a1b6a29016408b29d09950b2e3782232
0,       1099,       1099,        3,  4743198, 213ad0f69dce2d2bb4c7634ff8882343
0,       1101,       1101,        2,  4743198, 2ce16a6983a5ce16b7594322d14b8911
0,       1103,       1103,        2,  4743198, 4191ae50dddccc5f48293fd84d0ce898
0,       1106,       1106,        2,  4743198, 1d5db18f8819cb8d544b7ad687b7b25a
0,       1108,       1108,        2,  4743198, 7e5d7515d73dd8dfcaf6bdccd01b92b9
0,       1111,       1111,        3,  4743198, ea39c7981c7b8f0afb38f77b6dbeb3d3
0,       1114,       1114,        3,  4743198, 385bf85084a7989548aa8b5d9aa427ff
0,       1116,       1116,        3,  4743198, 2c7918048a6354e30ebdf3213889193a
0,       1119,       1119,        3,  4743198, a766144d68b56e3e3a4164fc8566f713
0,       1121,       1121,        3,  4743198, 4f8cf31d3b7b2fbc93ef90445cb6f5a7
0,       1124,       1124,        2,  4743198, 4796af25d771c1cec219de6b3c1c45bf
0,       1127,       1127,        2,  4743198, 87a9e12e300bc2ced4aaff6f1a1189f0
0,       1129,       1129,        2,  4743198, c57a57b50b6f39e4ba3fe9e45500cab4
0,       1131,       1131,        3,  4743198, f967a4a7c08304def3cfd281b511402e
0,       1134,       1134,        3,  4743198, cd5927426351e875d8575af9565420e7
0,       1136,       1136,        2,  4743198, ca2ee6f8152f48930fb6d4538f87817a
0,       1139,       1139,        3,  4743198, 36b9bc96d7f7a0330a67431cae0d099f
0,       1141,       1141,        3,  4743198, b1606a425737cc0f74996db9bd3955ab
0,       1144,       1144,        2,  4743198, 4cd59659115cbb0135aa20903b522da8
0,       1147,       1147,        2,  4743198, 65b78d55f7f3a9fbbcd37fa2a9326334
0,       1149,       1149,        3,  4743198, a89c2200a413ca64c37b28e852c0a74a
0,       1151,       1151,        2,  4743198, a880f5d63c0ae08b2a8a4ec16652abf7
0,       1153,       1153,        3,  4743198, a9596dc83e741acb61129d9243ba05fe
0,       1156,       1156,        2,  4743198, 4be88ee0c692b64fe4cae340640b5725
0,       1159,       1159,        3,  4743198, de5a322d7eaab0f634b2c0a2d97a16b2
0,       1161,       1161,        2,  4743198, b302c820fc831806c15ff31e310e0a13
0,       1163,       1163,        2,  4743198, cfb98fcf4590cb14b48e40f9a66fab87
0,       1166,       1166,        2,  4743198, f0a6bb9a30c4ad5b88bf83b96bee47b6
0,       1168,       1168,        3,  4743198, 99428f73a3446b312002f8a648c6d2af
0,       1171,       1171,        2,  4743198, fbd5a3f4921e4a56ac0410c13477e30d
0,       1173,       1173,        2,  4743198, cb91f7b7c914352b16f29c5341c967cf
0,       1176,       1176,        3,  4743198, d3485853b6b6cbdc59b6feca214e771f
0,       1178,       1178,        2,  4743198, e5cc5b3cedbda1fed77624692efaed5b
0,       1186,       1186,        4,  4743198, 8faf5284dfda5b908b1af8e474812c9c
0,       1190,       1190,        4,  4743198, 7bd61305cae2944cc729dd8e7cab5f02
0,       1193,       1193,        8,  4743198, 432700a3767beac9d0fbfb266c78fca0
0,       1196,       1196,        2,  4743198, 61cda8019b8d024733cd718d530c5653
0,       1198,       1198,        3,  4743198, 98491b8ab5ecbec0d5780fa6aa46e283
0,       1201,       1201,        7,  4743198, d3a6e8ad0650072cba9e91e3c3c2229d
0,       1203,       1203,        2,  4743198, dee3e873fbc544bc19ce3d0a8da5cbfe
0,       1211,       1211,        2,  4743198, 295090477021d9f1279a686191775e92
0,       1213,       1213,        2,  4743198, 579a8724a27bb022f7cd93a4a384a941
0,       1215,       1215,        2,  4743198, 4ca8bad5b62a3c93f3af83efabbe3a6f
0,       1217,       1217,        3,  4743198, cd3ec137341b03d5128112d2493f9f7b
0,       1219,       1219,        2,  4743198, 530c6f7c6ae308d34a6ffcf918ce074d
0,       1221,       1221,        3,  4743198, b42fd9b2f19aaac98001a5df44543c51
0,       1224,       1224,        2,  4743198, cd46e8fd3d9e24962ce59b8297f812a4
0,       1226,       1226,        2,  4743198, 4416e3f1a3a91e2d49355b081a0177d8
0,       1228,       1228,        2,  4743198, ab5b9a4d88be7bc01dbb1f233cbf7517
0,       1230,       1230,        2,  4743198, c74380ddcca10dd424163513890366c4
0,       1232,       1232,        2,  4743198, 735505f2b6e73ca205d15284b034c4f0
0,       1234,       1234,        2,  4743198, ff799e61a4f0fa92b20106ce3461ecc5
0,       1236,       1236,        2,  4743198, 7ed864252447afac455a9a03b0282fc5
0,       1238,       1238,        2,  4743198, adccb36670bd088a3297587093a8bc67
0,       1240,       1240,        2,  4743198, 4f70aa683f41ecdc2c00e92cf92dd7ba
0,       1242,       1242,        2,  4743198, b7f881eafb0dc04443bb88127269eccc
0,       1244,       1244,        2,  4743198, 63f8dc5182bd7e723359578c92884f43
0,       1246,       1246,        2,  4743198, 3c65535949459210d31326ebda48759f
0,       1248,       1248,        2,  4743198, 52195f71041b13ff9026504966202df6
0,       1250,       1250,        2,  4743198, dc8738a73495f94b23d0d2510dfdeebf
0,       1252,       1252,        2,  4743198, 881c71c84ab6c051ccc71c55c3b217fe
0,       1254,       1254,        2,  4743198, b34d86393ee8b55675d52f128daa38c9
0,       1256,       1256,        2,  4743198, c95bc624237820c783df950c66b21141
0,       1258,       1258,        2,  4743198, 183247bc9caa68bc008f7a9f85db29ab
0,       1260,       1260,        2,  4743198, 4553dd27c4b722665f9559a309e46cf8
0,       1262,       1262,        2,  4743198, 7ac4b090808773fcbd8f72bfb8d460d7
0,       1264,       1264,        2,  4743198, 80c6bd4bda9996d4edeb93c5117f97e9
0,       1266,       1266,        2,  4743198, ae826e7b636568984c6ad65b11d60062
0,       1268,       1268,        2,  4743198, 45df96adae8760a7ca3430db32f63160
0,       1270,       1270,        2,  4743198, aabe8345cc3945f5ca8ff4c49850d8ec
0,       1272,       1272,        2,  4743198, ad9d1241046f13e6da7f35c9453775e8
0,       1274,       1274,        2,  4743198, a1f5a21d7d4373d9dc2f0e675ab5d167
0,       1276,       1276,        2,  4743198, f676bb5e67da0e3ab89da4a8edbc796d
0,       1278,       1278,        3,  4743198, 43afc77b9a0bcbc45108332fa61f6fd6
0,       1281,       1281,        2,  4743198, a06b24890088c17d19bd334e24879c92
0,       1283,       1283,        2,  4743198, 55b416b9c5e4c5190f4ed56980233089
0,       1285,       1285,        2,  4743198, 0f7aa5db8b5e1909dd8d51675ff3cb56
0,       1287,       1287,        2,  4743198, c8b7f68042e10c19ed45cac7c95e5c97
0,       1289,       1289,        2,  4743198, aff24a5d8d767fc10234910c172c5971
0,       1291,       1291,        2,  4743198, 35046582b8253a2dab68ecdaea024e3a
0,       1293,       1293,        2,  4743198, 8113dce91ba5d8ba8d53fd99dcbc9e61
0,       1295,       1295,        2,  4743198, c11498b383f8d2d9d4865d9823e5e3d4
0,       1297,       1297,        2,  4743198, 055177d503fef35ec93d73c9b6bfa82b
0,       1299,       1299,        2,  4743198, f929261cefecc630099ad22a89da2076
0,       1301,       1301,        3,  4743198, 68bfb07a2479de2d97d074d9427a22ad
0,       1303,       1303,        2,  4743198, c78b115b26e88ec03844d8847d51eeb5
0,       1305,       1305,        2,  4743198, e2924bf8dfc9159335497802c99f971b
0,       1308,       1308,        2,  4743198, e5eb64773e293a7ae93be4444bbfefd4
0,       1310,       1310,        2,  4743198, b9254bd9c93bf523cb368299b3beaa0e
0,       1312,       1312,        2,  4743198, 913bc3df2c9d6de8a2b84a0be4dba7a3
0,       1314,       1314,        2,  4743198, 5a122624ebc53c625026f738a918f156
0,       1316,       1316,        2,  4743198, 5bfe6d9cb1cc08755cfb90aecdf0d2bc
0,       1318,       1318,        2,  4743198, e74ef3c87e4193853e616f78662c3acd
0,       1320,       1320,        2,  4743198, 48c3d5eaddea9311707ea62721f493d0
0,       1322,       1322,        2,  4743198, 1e92c4e0b567d04dc40331fbd56fc23d
0,       1324,       1324,        2,  4743198, b7e8e3e2b32288b3a995aabd90942c60
0,       1326,       1326,        2,  4743198, 38b5fce8c513e74129780bdb10c45ab1
0,       1328,       1328,        2,  4743198, 6d1cbdfeb1443b36fa2343dca166fbef
0,       1330,       1330,        2,  4743198, f1811ffb95b06e391e075caf8b90b20d
0,       1332,       1332,        2,  4743198, 0f7f8952934f0faeb4d18ad3d835bb2b
0,       1334,       1334,        2,  4743198, d80ad0844aa1b26757be6233e7bad3f6
0,       1336,       1336,        2,  4743198, f95c85f8e9ee1f46ff29fc8b5cb87edd
0,       1338,       1338,        2,  4743198, 60c01e4fc71d19eb3a41ee6e0d6f64f7
0,       1340,       1340,        2,  4743198, 9ae7669f1d038adb8311512589ca0ad8
0,       1342,       1342,        2,  4743198, 3df0c89e8312b4876cb0a25b511a5619
0,       1344,       1344,        2,  4743198, 0d71e549b4de8e63ecb6f594501c17a0
0,       1346,       1346,        2,  4743198, 500b30a938f3988733e1d17e8327e500
0,       1348,       1348,        2,  4743198, 8cb0f42cafcc53517b5b1cba30873306
0,       1350,       1350,        2,  4743198, f2f330bc51c24c92e9aa5568a343c483
0,       1352,       1352,        2,  4743198, e8ac5dff0ac7224b5b36a20a8fdcdf26
0,       1354,       1354,        2,  4743198, c94a2aa8816f6380931e78af8d765025
0,       1356,       1356,        2,  4743198, 102c8541f05184fd5a16d92c0ab06bff
0,       1358,       1358,        2,  4743198, b750b0a613e6c2d3e592a62fd7237eac
0,       1360,       1360,        2,  4743198, 91149db9d05b37ea313e1b4f7aea4efd
0,       1362,       1362,        2,  4743198, 624026e6a574a58b7e03aad392a088ab
0,       1364,       1364,        2,  4743198, 8717142132616642f6a25ed665d115d6
0,       1366,       1366,        2,  4743198, 44b2c9e4cd5a985e578f764e61e52101
0,       1368,       1368,        2,  4743198, 68d9973741cad2fe75a1578d1ba48b7c
0,       1370,       1370,        2,  4743198, 8fa07c141fe744e523d471baa7c37adc
0,       1372,       1372,        2,  4743198, daa6c0efaf4f5aa4028af29b0d6c2aa1
0,       1374,       1374,        2,  4743198, 2cf6ab1bf39c2cdefd3ecfbb77f8626e
0,       1376,       1376,        2,  4743198, 162ea684fdb752dc5256f1f11a3d0ef2
0,       1378,       1378,        2,  4743198, 08c824f96adb21f9f7a4b34bd53f4ed3
0,       1380,       1380,        2,  4743198, 7f629ce4de2bbf1800240deb5021a305
0,       1382,       1382,        2,  4743198, edabe5ea9bbc3222da5a2e3ced479dc8
0,       1384,       1384,        2,  4743198, 7c64358259d6d5f161d99624ceae7baa
0,       1386,       1386,        2,  4743198, 0ccd3c390b7495d56f1df4dc07fcedd9
0,       1388,       1388,        2,  4743198, 5b06145168f6b02682b424d8695dfbff
0,       1390,       1390,        2,  4743198, 6f98359fc3cdc82ea0628db731841a36
0,       1392,       1392,        2,  4743198, a94d72c3aa520615188a8ee05084b844
0,       1394,       1394,        2,  4743198, a98e1e904b5c0800e9c3be43efea0696
0,       1396,       1396,        2,  4743198, 5c06bfa531e15b01eb0a62d368db3134
0,       1398,       1398,        2,  4743198, 86f371fbec279c4400443150c19e9805
0,       1400,       1400,        2,  4743198, b75a679494f13523ee25ebefc58bfc6d
0,       1402,       1402,        2,  4743198, 7675d1b2393b3777d6c188a317870195
0,       1404,       1404,        2,  4743198, 9c9dabbf918650d40a542d92b64a1ba9
0,       1406,       1406,        2,  4743198, fa0a3e2f6ad10dcd5d4370a519279742
0,       1408,       1408,        2,  4743198, 9dc59b1c992636e8230757bfb6a99343
0,       1410,       1410,        2,  4743198, 981d4151454793709dddbbdad5d3b41a
0,       1412,       1412,        2,  4743198, c22d0d9000bcde7843c723489e21a860
0,       1414,       1414,        2,  4743198, b26cd7ab44e65c4a3d5f8c94d5e3f1d2
0,       1416,       1416,        2,  4743198, 4d798aacdec9ad28a0dc63129a7aeec0
0,       1418,       1418,        2,  4743198, 39b16d58167ff28fc24112162998a3bc
0,       1420,       1420,        2,  4743198, f7f8285e7735a0a84a82eab722f91640
0,       1422,       1422,        2,  4743198, ef48622f21a801d205dcc8b7cd478d8c
0,       1424,       1424,        2,  4743198, 01179c8047884aaf0614e7a805ac7809
0,       1426,       1426,        2,  4743198, 2737050b0ff537c6b6bbd8dad936192c
0,       1428,       1428,        2,  4743198, 6a9b8c47b3367f955ed29519008d9796
0,       1430,       1430,        2,  4743198, cffb571895f849e11b2f8a125ec6122c
0,       1432,       1432,        2,  4743198, ebc92aa4a30d7390f5bc482adb079e51
0,       1434,       1434,        2,  4743198, 97b47179e99ea39a68ca88b73bc364f5
0,       1436,       1436,        2,  4743198, 5ba2e7b206646c0b9840b205229047af
0,       1438,       1438,        2,  4743198, c518b0e0f91d9444ac0a98793f4849b3
0,       1440,       1440,        2,  4743198, 6886c20274185bc20ff1f441a53d177e
0,       1442,       1442,        2,  4743198, bf5b37f3117effdd6a1e70f7623eca3a
0,       1444,       1444,        2,  4743198, f574b02e035af8b5dc872359b977b7e3
0,       1446,       1446,        2,  4743198, 2579521006d4041b70dc99c9e953f791
0,       1448,       1448,        2,  4743198, bc34916664577f1354c072033ed7acf5
0,       1450,       1450,        2,  4743198, 66efcc14e5288a605f7ffff6d657d52f
0,       1452,       1452,        2,  4743198, 127df45b23df913cf8d0b39608cae68e
0,       1454,       1454,        2,  4743198, 672b0446d439324f127c9f64bda421c5
0,       1456,       1456,        2,  4743198, e10732bd14f4f1663917d625804dfe06
0,       1458,       1458,        2,  4743198, e3253cea50d9c70242d8b6e6f0e9f0f9
0,       1460,       1460,        2,  4743198, 054469ebc96e148a8275741ffbd6bf60
0,       1462,       1462,        2,  4743198, 76907e041f26ec39065c1c5c67acaefb
0,       1464,       1464,        2,  4743198, ede94cbd39a5e7cc925fa91800602dab
0,       1466,       1466,        2,  4743198, b0f3fd31a42824b42292a3b9221d82e0
0,       1468,       1468,        2,  4743198, 2ccab8c46390ba7d673df6a8e547c2a1
0,       1470,       1470,        2,  4743198, 313986080d3231df37da284fc93eab67
0,       1472,       1472,        2,  4743198, 4f094e089117d7d7bac61a6ff40211e4
0,       1474,       1474,        2,  4743198, 5dba0f839213ac50ee6a9ee17d597add
0,       1476,       1476,        2,  4743198, 6a567c908bfcf3e38013e35c11a2e45f
0,       1478,       1478,        2,  4743198, fd2a95952378dcfac36e1137bf591b8f
0,       1480,       1480,        2,  4743198, 717215a6c9f8cb791a399ac068030768
0,       1482,       1482,        2,  4743198, 670570b18a5e42f5bf1f1dfa7cc98d3b
0,       1484,       1484,        2,  4743198, de680bef8f7e4678481516c137b5b4be
0,       1486,       1486,        2,  4743198, a4d399e5060e8d183c761f244ba3928f
0,       1488,       1488,        2,  4743198, 3c42626841bdbc9273ed6f2d70eee89d
0,       1490,       1490,        2,  4743198, be0fe466a34bbec806ba4d80af357396
0,       1492,       1492,        2,  4743198, 077426cd7703270c7a22569629a36ad0
0,       1494,       1494,        2,  4743198, ac6d6608f4fc7a1c796cc4c040310c9c
0,       1496,       1496,        2,  4743198, ff9083a5279cdedb495f5215ee65d471
0,       1498,       1498,        2,  4743198, c0ffae1fa9f9581ff082fe87fb408f3c
0,       1500,       1500,        2,  4743198, 3435a8813dca2fe1267ea3e12ecd83bf
0,       1502,       1502,        2,  4743198, 8e30e10b9a0e6cc381e462359ba66ba5
0,       1504,       1504,        2,  4743198, 590628ee59f7adaa29a6ae6900ba9907
0,       1506,       1506,        2,  4743198, 3f64788306bc474e2d9f78e39230bd43
0,       1508,       1508,        2,  4743198, 7ab637ab9cd52526aa76831b43e0b746
0,       1510,       1510,        2,  4743198, 6c5f365bb36dcd310c3475f968bb9093
0,       1512,       1512,        2,  4743198, 42517c46a5303412cb8b9fd24a6467c1
0,       1514,       1514,        2,  4743198, 31648c53db2cc796d8d96edbfb1b7cc3
0,       1516,       1516,        2,  4743198, 20a168429f4e5404f6f4d04c690f8a18
0,       1518,       1518,        3,  4743198, 8762710245228d229b62b9fc5c4b8fdb
0,       1520,       1520,        2,  4743198, 82e001be59c15427c72a01eeb2089a30
0,       1522,       1522,        2,  4743198, a7fa45ee34141a503356ad502dde0c6a
0,       1525,       1525,        2,  4743198, 8db945f2ae520277bf4542beb2eea4ad
0,       1527,       1527,        2,  4743198, 8155e1d6a07399634a19fa2dc8e96144
0,       1529,       1529,        2,  4743198, 077df75292fe11d0fc6b505e81adb5cc
0,       1531,       1531,        2,  4743198, c85f7dbfb363fa5d535fc64def1e33c9
0,       1533,       1533,        2,  4743198, d9347ea2707a74a2e9e8e43d671a62ed
0,       1535,       1535,        3,  4743198, 01073d3256192a953a2f9907a95a162f
0,       1537,       1537,        2,  4743198, ce18168b2da04703ca51026f49a82955
0,       1539,       1539,        3,  4743198, e5173b49e8f8427102ca6515ba30470b
